Final Loss: 0.055663518607616425, Final Accuracy: 0.9731051325798035
Precision: 0.9732041038359402
Recall: 0.9731051344743277
F1: 0.9731022398731172