Final Loss: 0.0834805890917778, Final Accuracy: 0.9719827771186829
Precision: 0.9719873702878385
Recall: 0.9719827586206896
F1: 0.9719805433760536