AUC : 0.90
Final Loss: 0.403521865606308, Final Accuracy: 0.8209764957427979
Precision: 0.8062789589688324
Recall: 0.8047016274864376
F1: 0.8044330161176768