AUC Score:	 1.0
Final Loss: 0.08714976161718369, Final Accuracy: 0.9746588468551636
Precision: 0.9750299069997194
Recall: 0.9746588693957114
F1: 0.9746629142227966