AUC Score:	 0.99
Final Loss: 0.258736252784729, Final Accuracy: 0.9268292784690857
Precision: 0.935385879919059
Recall: 0.926829268292683
F1: 0.9265809019724984