Final Loss: 0.6634934544563293, Final Accuracy: 0.5440900325775146
Precision: 0.6243414329077625
Recall: 0.5816135084427767
F1: 0.549155386088461