Final Loss: 0.23947949707508087, Final Accuracy: 0.9028339982032776
Precision: 0.9029269675414173
Recall: 0.902834008097166
F1: 0.9028212635537721