AUC: 0.96
Final Loss: 0.2549128234386444, Final Accuracy: 0.9077757596969604
Precision: 0.8994787788533134
Recall: 0.8987341772151899
F1: 0.8986824906939412